[DIR] formal_baseline_n10_20261003-010435
runs=30 成功=30

=== [C1] n=10 seeds=40901,40902,40903,40904,40905,40906,40907,40908,40909,40910 ===
指标                   mean         sd     median       min       max 95%CI(t=.2228,n=10) 
生成任务数            147.8000     0.7888   148.0000  147.0000  149.0000 [147.2442, 148.3558]
完成任务数            109.0000     3.6515   108.5000  103.0000  114.0000 [106.4273, 111.5727]
完成率                0.7375     0.0243     0.7356    0.7007    0.7703 [0.7204, 0.7546]
超时率                0.2289     0.0320     0.2283    0.1927    0.2736 [0.2063, 0.2515]
平均时延              95.3647    22.6835    98.9553   57.3472  122.0175 [79.3829, 111.3464]
总能量消耗          23125.4468   392.4627 23086.6607 22612.8050 23772.5613 [22848.9351, 23401.9585]
换电总次数             22.3000     0.4830    22.0000   22.0000   23.0000 [21.9597, 22.6403]
无人机利用率             0.9900     0.0093     0.9947    0.9708    0.9951 [0.9835, 0.9966]
禁飞区绕飞次数           40.3000     5.8128    39.0000   32.0000   53.0000 [36.2045, 44.3955]
总步数             3600.0000     0.0000  3600.0000 3600.0000 3600.0000 [3600.0000, 3600.0000]
unfinished_at_end    38.8000     3.5839    39.0000   34.0000   44.0000 [36.2749, 41.3251]
on_time_rate       0.7711     0.0320     0.7717    0.7264    0.8073 [0.7485, 0.7937]
撞 horizon：10/10

=== [C2] n=10 seeds=40901,40902,40903,40904,40905,40906,40907,40908,40909,40910 ===
指标                   mean         sd     median       min       max 95%CI(t=.2228,n=10) 
生成任务数            178.8000     2.5298   178.0000  175.0000  184.0000 [177.0176, 180.5824]
完成任务数             76.4000     4.4272    74.5000   70.0000   83.0000 [73.2808, 79.5192]
完成率                0.4276     0.0293     0.4185    0.3804    0.4663 [0.4069, 0.4483]
超时率                0.4638     0.0511     0.4683    0.3836    0.5270 [0.4277, 0.4998]
平均时延             349.8112    56.6227   345.1046  254.0685  433.5000 [309.9173, 389.7050]
总能量消耗          18306.6993   374.3526 18361.4878 17812.1579 19004.7856 [18042.9472, 18570.4514]
换电总次数             15.9000     0.3162    16.0000   15.0000   16.0000 [15.6772, 16.1228]
无人机利用率             0.9947     0.0003     0.9948    0.9942    0.9951 [0.9945, 0.9949]
禁飞区绕飞次数           26.6000     6.7363    25.0000   18.0000   40.0000 [21.8539, 31.3461]
总步数             3600.0000     0.0000  3600.0000 3600.0000 3600.0000 [3600.0000, 3600.0000]
unfinished_at_end   102.4000     6.5013   103.5000   94.0000  114.0000 [97.8195, 106.9805]
on_time_rate       0.5362     0.0511     0.5317    0.4730    0.6164 [0.5002, 0.5723]
撞 horizon：10/10

=== [S] n=10 seeds=40901,40902,40903,40904,40905,40906,40907,40908,40909,40910 ===
指标                   mean         sd     median       min       max 95%CI(t=.2228,n=10) 
生成任务数            240.0000     0.0000   240.0000  240.0000  240.0000 [240.0000, 240.0000]
完成任务数             81.1000     4.1486    81.0000   75.0000   90.0000 [78.1771, 84.0229]
完成率                0.3379     0.0173     0.3375    0.3125    0.3750 [0.3257, 0.3501]
超时率                0.5838     0.0332     0.5926    0.5067    0.6234 [0.5605, 0.6072]
平均时延             553.9574    42.4243   571.1524  448.9647  592.7988 [524.0671, 583.8476]
总能量消耗          18415.4005   250.1922 18337.5154 18088.6403 18880.5106 [18239.1263, 18591.6748]
换电总次数             15.4000     0.5164    15.0000   15.0000   16.0000 [15.0362, 15.7638]
无人机利用率             0.9944     0.0003     0.9944    0.9938    0.9948 [0.9942, 0.9946]
禁飞区绕飞次数           20.9000     5.8395    21.5000   11.0000   31.0000 [16.7857, 25.0143]
总步数             3600.0000     0.0000  3600.0000 3600.0000 3600.0000 [3600.0000, 3600.0000]
unfinished_at_end   158.9000     4.1486   159.0000  150.0000  165.0000 [155.9771, 161.8229]
on_time_rate       0.4162     0.0332     0.4074    0.3766    0.4933 [0.3928, 0.4395]
撞 horizon：10/10

=== 稳定性判定（n=10 是否够：看 timeout 的 CI 相对半宽）===
  C1  mean=0.2289 sd=0.0320 CI=[0.2063,0.2515] 宽=0.0451 相对半宽=9.9% ⇒ 够用
  C2  mean=0.4638 sd=0.0511 CI=[0.4277,0.4998] 宽=0.0720 相对半宽=7.8% ⇒ 够用
  S   mean=0.5838 sd=0.0332 CI=[0.5605,0.6072] 宽=0.0467 相对半宽=4.0% ⇒ 够用
